Player,Tm,W/L%,WS,G,GS,MP,FG,FGA,2P,2PA,3P,3PA,FT,FTA,ORB,DRB,TRB,AST,STL,BLK,TOV,PF,PTS,FG%,2P%,3P%,FT%
Moses Malone,PHI,.793,15.1,78,78,2922,654,1305,654,1304,0,1,600,788,445,749,1194,101,89,157,264,206,1908,.501,.502,.000,.761
Larry Bird,BOS,.683,14.0,79,79,2982,747,1481,725,1404,22,77,351,418,193,677,870,458,148,71,240,197,1867,.504,.516,.286,.840
Sidney Moncrief,MIL,.622,13.2,76,76,2710,606,1156,605,1146,1,10,499,604,192,245,437,300,113,23,197,180,1712,.524,.528,.100,.826
Magic Johnson,LAL,.707,12.5,79,79,2907,511,933,511,912,0,21,304,380,214,469,683,829,176,47,301,200,1326,.548,.560,.000,.800
Buck Williams,NJN,.598,11.4,82,82,2961,536,912,536,908,0,4,324,523,365,662,1027,125,91,110,246,270,1396,.588,.590,.000,.620
Artis Gilmore,SAS,.646,11.0,82,82,2797,556,888,556,882,0,6,367,496,299,685,984,126,40,192,254,273,1479,.626,.630,.000,.740
Kiki Vandeweghe,DEN,.549,11.0,82,79,2909,841,1537,826,1486,15,51,489,559,124,313,437,203,66,38,177,198,2186,.547,.556,.294,.875
Kareem Abdul-Jabbar,LAL,.707,10.9,79,79,2554,722,1228,722,1226,0,2,278,371,167,425,592,200,61,170,200,220,1722,.588,.589,.000,.749
Julius Erving,PHI,.793,10.9,72,72,2421,605,1170,603,1163,2,7,330,435,173,318,491,263,112,131,196,202,1542,.517,.518,.286,.759
Robert Parish,BOS,.683,10.8,78,76,2459,619,1125,619,1124,0,1,271,388,260,567,827,141,79,148,185,222,1509,.550,.551,.000,.698
Marques Johnson,MIL,.622,10.7,80,80,2853,723,1420,719,1400,4,20,264,359,196,366,562,363,100,56,196,211,1714,.509,.514,.200,.735
Larry Nance,PHO,.646,10.5,82,82,2914,588,1069,587,1066,1,3,193,287,239,471,710,197,99,217,190,254,1370,.550,.551,.333,.672
Alex English,DEN,.549,10.3,82,82,2988,959,1857,957,1845,2,12,406,490,263,338,601,397,116,126,263,235,2326,.516,.519,.167,.829
Jim Paxson,POR,.561,10.2,81,81,2740,682,1323,678,1298,4,25,388,478,68,106,174,231,140,17,156,160,1756,.515,.522,.160,.812
Bill Cartwright,NYK,.537,10.1,82,82,2468,455,804,455,804,0,0,380,511,185,405,590,136,41,127,204,315,1290,.566,.566,,.744
Jeff Ruland,WSB,.512,10.1,79,47,2862,580,1051,579,1048,1,3,375,544,293,578,871,234,74,77,297,312,1536,.552,.552,.333,.689
Calvin Natt,POR,.561,9.8,80,80,2879,644,1187,641,1167,3,20,339,428,214,385,599,171,63,29,203,184,1630,.543,.549,.150,.792
Jack Sikma,SEA,.585,9.8,75,71,2564,484,1043,484,1035,0,8,400,478,213,645,858,233,87,65,190,263,1368,.464,.468,.000,.837
Maurice Cheeks,PHI,.793,9.4,79,79,2465,404,745,403,739,1,6,181,240,53,156,209,543,184,31,179,182,990,.542,.545,.167,.754
George Gervin,SAS,.646,9.4,78,78,2830,757,1553,745,1520,12,33,517,606,111,246,357,264,88,67,247,243,2043,.487,.490,.364,.853
Terry Cummings,SDC,.305,8.7,70,69,2531,684,1309,684,1308,0,1,292,412,303,441,744,177,129,62,204,294,1660,.523,.523,.000,.709
Bill Laimbeer,DET,.451,8.5,82,82,2871,436,877,434,864,2,13,245,310,282,711,993,263,51,118,176,320,1119,.497,.502,.154,.790
Gus Williams,SEA,.585,8.5,80,80,2761,660,1384,658,1341,2,43,278,370,72,133,205,643,182,26,230,117,1600,.477,.491,.047,.751
Dan Issel,DEN,.549,8.4,80,80,2431,661,1296,657,1277,4,19,400,479,151,445,596,223,83,43,174,227,1726,.510,.514,.211,.835
Walter Davis,PHO,.646,8.1,80,79,2491,665,1289,658,1266,7,23,184,225,63,134,197,397,117,12,188,186,1521,.516,.520,.304,.818
Greg Ballard,WSB,.512,7.9,78,78,2840,603,1274,590,1237,13,37,182,233,123,385,508,262,135,25,157,176,1401,.473,.477,.351,.781
Gene Banks,SAS,.646,7.9,81,81,2722,505,919,505,914,0,5,196,278,222,390,612,279,78,21,171,229,1206,.550,.553,.000,.705
Mike Woodson,KCK,.549,7.8,81,3,2426,584,1154,577,1121,7,33,298,377,84,164,248,254,137,59,174,203,1473,.506,.515,.212,.790
Vinnie Johnson,DET,.451,7.7,82,51,2511,520,1013,509,973,11,40,245,315,167,186,353,301,93,49,152,263,1296,.513,.523,.275,.778
Mike Mitchell,SAS,.646,7.6,80,79,2803,686,1342,686,1339,0,3,219,289,188,349,537,98,57,52,126,248,1591,.511,.512,.000,.758
Bernard King,NYK,.537,7.5,68,68,2207,603,1142,603,1136,0,6,280,388,99,227,326,195,90,13,197,233,1486,.528,.531,.000,.722
Kevin McHale,BOS,.683,7.5,82,13,2345,483,893,483,892,0,1,193,269,215,338,553,104,34,192,159,241,1159,.541,.541,.000,.717
Eddie Johnson,KCK,.549,7.4,82,82,2933,677,1370,657,1299,20,71,247,317,191,310,501,216,70,20,181,259,1621,.494,.506,.282,.779
Dan Roundfield,ATL,.524,7.4,77,76,2811,561,1193,556,1166,5,27,337,450,259,621,880,225,60,115,245,239,1464,.470,.477,.185,.749
Isiah Thomas,DET,.451,7.4,81,81,3093,725,1537,689,1412,36,125,368,518,105,223,328,634,199,29,326,318,1854,.472,.488,.288,.710
Jamaal Wilkes,LAL,.707,7.4,80,80,2552,684,1290,684,1284,0,6,203,268,146,197,343,182,65,17,150,221,1571,.530,.533,.000,.757
Brad Davis,DAL,.463,7.3,79,78,2323,359,628,348,585,11,43,186,220,34,164,198,565,80,11,143,176,915,.572,.595,.256,.845
Tree Rollins,ATL,.524,7.3,80,80,2472,261,512,261,511,0,1,98,135,210,533,743,75,49,343,95,294,620,.510,.511,.000,.726
Andrew Toney,PHI,.793,7.3,81,81,2474,626,1250,604,1174,22,76,324,411,42,183,225,365,80,17,271,255,1598,.501,.514,.289,.788
Larry Drew,KCK,.549,7.2,75,74,2690,599,1218,597,1202,2,16,310,378,44,163,207,610,126,10,272,207,1510,.492,.497,.125,.820
Maurice Lucas,PHO,.646,7.1,77,71,2586,495,1045,494,1042,1,3,278,356,201,598,799,219,56,43,221,274,1269,.474,.474,.333,.781
Kelly Tripucka,DET,.451,7.1,58,58,2252,565,1156,551,1119,14,37,392,464,126,138,264,237,67,20,187,157,1536,.489,.492,.378,.845
Joe Barry Carroll,GSW,.366,7.0,79,79,2988,785,1529,785,1526,0,3,337,469,220,468,688,169,108,155,285,260,1907,.513,.514,.000,.719
Mark Aguirre,DAL,.463,6.9,81,75,2784,767,1589,751,1513,16,76,429,589,191,317,508,332,80,26,261,247,1979,.483,.496,.211,.728
Clark Kellogg,IND,.244,6.8,81,81,2761,680,1420,676,1402,4,18,261,352,340,520,860,223,141,43,217,298,1625,.479,.482,.222,.741
Rickey Green,UTA,.366,6.6,78,78,2783,464,942,462,929,2,13,185,232,62,161,223,697,220,4,222,154,1115,.493,.497,.154,.797
Dennis Johnson,PHO,.646,6.6,77,74,2551,398,861,393,830,5,31,292,369,92,243,335,388,97,39,204,204,1093,.462,.473,.161,.791
Cedric Maxwell,BOS,.683,6.6,79,71,2252,331,663,331,662,0,1,280,345,185,237,422,186,65,39,165,202,942,.499,.500,.000,.812
Johnny Moore,SAS,.646,6.6,77,73,2552,394,841,389,819,5,22,148,199,65,212,277,753,194,32,226,247,941,.468,.475,.227,.744
Alvan Adams,PHO,.646,6.5,80,75,2447,477,981,476,978,1,3,180,217,161,387,548,376,114,74,242,287,1135,.486,.487,.333,.829
Reggie Theus,CHI,.341,6.5,82,81,2856,749,1567,728,1476,21,91,434,542,91,209,300,484,143,17,321,281,1953,.478,.493,.231,.801
Bobby Jones,PHI,.793,6.4,74,0,1749,250,460,250,459,0,1,165,208,102,242,344,142,85,91,109,199,665,.543,.545,.000,.793
Kyle Macy,PHO,.646,6.4,82,9,1836,328,634,305,558,23,76,129,148,41,124,165,278,64,8,90,130,808,.517,.547,.303,.872
Rick Mahorn,WSB,.512,6.2,82,82,3023,376,768,376,765,0,3,146,254,171,608,779,115,86,148,170,335,898,.490,.492,.000,.575
Darwin Cook,NJN,.598,6.0,82,47,2625,443,986,435,948,8,38,186,242,73,167,240,448,194,48,238,213,1080,.449,.459,.211,.769
Jay Vincent,DAL,.463,6.0,81,73,2726,622,1272,622,1269,0,3,269,343,217,375,592,212,70,45,188,295,1513,.489,.490,.000,.784
Billy Knight,IND,.244,5.8,80,54,2262,512,984,509,965,3,19,343,408,152,172,324,192,66,8,193,143,1370,.520,.527,.158,.841
Terry Tyler,DET,.451,5.8,82,56,2543,421,880,419,865,2,15,146,196,180,360,540,157,103,160,120,221,990,.478,.484,.133,.745
Dominique Wilkins,ATL,.524,5.8,82,82,2697,601,1220,599,1209,2,11,230,337,226,252,478,129,84,63,180,210,1434,.493,.495,.182,.682
Rolando Blackman,DAL,.463,5.7,75,62,2349,513,1042,510,1027,3,15,297,381,108,185,293,185,37,29,118,116,1326,.492,.497,.200,.780
World B. Free,TOT,,5.7,73,69,2638,649,1423,634,1378,15,45,430,583,92,109,201,290,97,15,209,241,1743,.456,.460,.333,.738
Albert King,NJN,.598,5.7,79,75,2447,582,1226,576,1203,6,23,176,227,157,299,456,291,95,41,245,278,1346,.475,.479,.261,.775
David Thompson,SEA,.585,5.4,75,64,2155,445,925,443,915,2,10,298,380,96,174,270,222,47,33,163,142,1190,.481,.484,.200,.784
Mychal Thompson,POR,.561,5.4,80,80,3017,505,1033,505,1032,0,1,249,401,183,570,753,380,68,110,281,213,1259,.489,.489,.000,.621
Danny Ainge,BOS,.683,5.2,80,76,2048,357,720,352,691,5,29,72,97,83,131,214,251,109,6,98,259,791,.496,.509,.172,.742
Otis Birdsong,NJN,.598,5.2,62,54,1885,426,834,424,828,2,6,82,145,53,97,150,239,85,16,114,155,936,.511,.512,.333,.566
Michael Cooper,LAL,.707,5.2,82,3,2148,266,497,261,476,5,21,102,130,82,192,274,315,115,50,128,208,639,.535,.548,.238,.785
Purvis Short,GSW,.366,5.2,67,57,2397,589,1209,585,1194,4,15,255,308,145,209,354,228,94,14,194,242,1437,.487,.490,.267,.828
Kenny Carr,POR,.561,5.1,82,26,2331,362,717,360,711,2,6,255,366,182,407,589,116,62,42,185,306,981,.505,.506,.333,.697
James Donaldson,SEA,.585,5.1,82,11,1789,289,496,289,496,0,0,150,218,131,370,501,97,19,101,132,171,728,.583,.583,,.688
James Worthy,LAL,.707,5.1,77,1,1970,447,772,446,768,1,4,138,221,157,242,399,132,91,64,178,221,1033,.579,.581,.250,.624
Ben Poquette,UTA,.366,5.0,75,50,2331,329,697,328,692,1,5,166,221,155,366,521,168,64,116,100,264,825,.472,.474,.200,.751
Junior Bridgeman,MIL,.622,4.8,70,5,1855,421,856,420,843,1,13,164,196,44,202,246,207,40,9,122,155,1007,.492,.498,.077,.837
Lonnie Shelton,SEA,.585,4.8,82,79,2572,437,915,436,909,1,6,141,187,158,337,495,237,75,72,172,310,1016,.478,.480,.167,.754
Michael Brooks,SDC,.305,4.7,82,26,2457,402,830,397,815,5,15,193,277,239,282,521,262,112,39,177,297,1002,.484,.487,.333,.697
Ed Nealy,KCK,.549,4.7,82,61,1643,147,247,147,247,0,0,70,114,170,315,485,62,68,12,51,247,364,.595,.595,,.614
T.R. Dunn,DEN,.549,4.4,82,80,2640,254,527,254,526,0,1,119,163,231,384,615,189,147,25,113,218,627,.482,.483,.000,.730
Steve Johnson,KCK,.549,4.4,79,21,1544,371,595,371,595,0,0,186,324,140,258,398,95,40,83,180,323,928,.624,.624,,.574
Fat Lever,POR,.561,4.4,81,45,2020,256,594,251,579,5,15,116,159,85,140,225,426,153,15,137,179,633,.431,.434,.333,.730
Cliff Robinson,CLE,.280,4.4,77,75,2601,587,1230,587,1225,0,5,213,301,190,666,856,145,61,58,224,272,1387,.477,.479,.000,.708
Tom Chambers,SDC,.305,4.3,79,79,2665,519,1099,519,1091,0,8,353,488,218,301,519,192,79,57,234,333,1391,.472,.476,.000,.723
Adrian Dantley,UTA,.366,4.3,22,22,887,233,402,233,402,0,0,210,248,58,82,140,105,20,0,81,62,676,.580,.580,,.847
Mike Gminski,NJN,.598,4.3,80,1,1255,213,426,213,425,0,1,175,225,154,228,382,61,35,116,126,118,601,.500,.501,.000,.778
Clemon Johnson,TOT,,4.3,83,11,1914,299,581,299,580,0,1,111,180,190,334,524,139,67,92,124,221,709,.515,.516,.000,.617
Kurt Rambis,LAL,.707,4.3,78,77,1806,235,413,235,411,0,2,114,166,164,367,531,90,105,63,145,233,584,.569,.572,.000,.687
Rory Sparrow,TOT,,4.2,81,58,2428,392,810,387,788,5,22,147,199,61,169,230,397,107,5,197,255,936,.484,.491,.227,.739
Danny Vranes,SEA,.585,4.2,82,73,2054,226,429,226,428,0,1,115,209,177,248,425,120,53,49,102,254,567,.527,.528,.000,.550
Mickey Johnson,TOT,,4.1,78,16,2053,391,921,388,885,3,36,312,380,163,331,494,255,82,46,238,288,1097,.425,.438,.083,.821
Dave Corzine,CHI,.341,4.0,82,71,2496,457,920,457,918,0,2,232,322,243,474,717,154,47,109,228,242,1146,.497,.498,.000,.720
Pat Cummings,DAL,.463,4.0,81,71,2317,433,878,433,877,0,1,148,196,225,443,668,144,57,35,162,296,1014,.493,.494,.000,.755
Darryl Dawkins,NJN,.598,4.0,81,81,2093,401,669,401,669,0,0,166,257,127,293,420,114,67,152,281,379,968,.599,.599,,.646
Trent Tucker,NYK,.537,4.0,78,59,1830,299,647,285,617,14,30,43,64,75,141,216,195,56,6,70,235,655,.462,.462,.467,.672
Marvin Webster,NYK,.537,4.0,82,0,1472,168,331,168,330,0,1,106,180,176,267,443,49,35,131,102,210,442,.508,.509,.000,.589
Bill Garnett,DAL,.463,3.9,75,13,1411,170,319,170,316,0,3,129,174,141,265,406,103,48,70,81,245,469,.533,.538,.000,.741
Greg Kelser,SEA,.585,3.9,80,9,1507,247,450,247,447,0,3,173,257,158,245,403,97,52,35,149,243,667,.549,.553,.000,.673
Norm Nixon,LAL,.707,3.9,79,79,2711,533,1123,533,1110,0,13,125,168,61,144,205,566,104,4,237,176,1191,.475,.480,.000,.744
Rod Higgins,CHI,.341,3.8,82,42,2196,313,698,300,657,13,41,209,264,159,207,366,175,66,65,127,248,848,.448,.457,.317,.792
Allen Leavell,HOU,.171,3.8,79,76,2602,439,1059,397,884,42,175,247,297,64,131,195,530,165,14,198,215,1167,.415,.449,.240,.832
Alton Lister,MIL,.622,3.8,80,37,1885,272,514,272,514,0,0,130,242,168,400,568,111,50,177,186,328,674,.529,.529,,.537
Joe Meriweather,KCK,.549,3.8,78,74,1706,258,453,258,453,0,0,102,163,150,274,424,64,47,86,118,285,618,.570,.570,,.626
