Player,Tm,W/L%,WS,G,GS,MP,FG,FGA,2P,2PA,3P,3PA,FT,FTA,ORB,DRB,TRB,AST,STL,BLK,TOV,PF,PTS,FG%,2P%,3P%,FT%
Michael Jordan,CHI,.878,20.4,82,82,3090,916,1850,805,1590,111,260,548,657,148,395,543,352,180,42,197,195,2491,.495,.506,.427,.834
David Robinson,SAS,.720,18.3,82,82,3019,711,1378,708,1369,3,9,626,823,319,681,1000,247,111,271,190,262,2051,.516,.517,.333,.761
Karl Malone,UTA,.671,15.1,82,82,3113,789,1520,773,1480,16,40,512,708,175,629,804,345,138,56,199,245,2106,.519,.522,.400,.723
Anfernee Hardaway,ORL,.732,14.4,82,82,3015,623,1215,534,932,89,283,445,580,129,225,354,582,166,41,229,160,1780,.513,.573,.314,.767
John Stockton,UTA,.671,13.0,82,82,2915,440,818,345,593,95,225,234,282,54,172,226,916,140,15,246,207,1209,.538,.582,.422,.830
Terrell Brandon,CLE,.573,12.7,75,75,2570,510,1096,419,861,91,235,338,381,47,201,248,487,132,33,142,146,1449,.465,.487,.387,.887
Scottie Pippen,CHI,.878,12.3,77,77,2825,563,1216,413,815,150,401,220,324,152,344,496,452,133,57,207,198,1496,.463,.507,.374,.679
Grant Hill,DET,.561,11.7,80,80,3260,564,1221,559,1195,5,26,485,646,127,656,783,548,100,48,263,242,1618,.462,.468,.192,.751
Gary Payton,SEA,.780,11.5,81,81,3162,618,1276,520,977,98,299,229,306,104,235,339,608,231,19,260,221,1563,.484,.532,.328,.748
Anthony Mason,NYK,.573,11.3,82,82,3457,449,798,449,798,0,0,298,414,220,544,764,363,69,34,211,246,1196,.563,.563,,.720
Shawn Kemp,SEA,.780,11.2,79,76,2631,526,937,521,925,5,12,493,664,276,628,904,173,93,127,315,299,1550,.561,.563,.417,.742
Charles Barkley,PHO,.500,10.5,71,71,2632,580,1160,531,985,49,175,440,566,243,578,821,262,114,56,218,208,1649,.500,.539,.280,.777
Reggie Miller,IND,.634,10.3,76,76,2621,504,1066,336,656,168,410,430,498,38,176,214,253,77,13,189,175,1606,.473,.512,.410,.863
Jeff Hornacek,UTA,.671,10.2,82,59,2588,442,880,338,657,104,223,259,290,62,147,209,340,106,20,127,171,1247,.502,.514,.466,.893
Larry Johnson,CHH,.500,10.1,81,81,3274,583,1225,516,1042,67,183,427,564,249,434,683,355,55,43,182,173,1660,.476,.495,.366,.757
Toni Kukoc,CHI,.878,10.1,81,20,2103,386,787,299,571,87,216,206,267,115,208,323,287,64,28,114,150,1065,.490,.524,.403,.772
Alonzo Mourning,MIA,.512,9.9,70,70,2671,563,1076,554,1046,9,30,488,712,218,509,727,159,70,189,262,245,1623,.523,.530,.300,.685
Cedric Ceballos,LAL,.646,9.8,78,71,2628,638,1203,587,1019,51,184,329,409,215,321,536,119,94,22,167,144,1656,.530,.576,.277,.804
Hakeem Olajuwon,HOU,.585,9.7,72,72,2797,768,1494,765,1480,3,14,397,548,176,608,784,257,113,207,247,242,1936,.514,.517,.214,.724
Hersey Hawkins,SEA,.780,9.5,82,82,2823,443,936,297,556,146,380,249,285,86,211,297,218,149,14,164,172,1281,.473,.534,.384,.874
Mitch Richmond,SAC,.476,9.3,81,81,2946,611,1368,386,853,225,515,425,491,54,215,269,255,125,19,220,233,1872,.447,.453,.437,.866
Avery Johnson,SAS,.720,9.1,82,82,3084,438,887,432,856,6,31,189,262,37,169,206,789,119,21,195,179,1071,.494,.505,.194,.721
Mookie Blaylock,ATL,.561,9.0,81,81,2893,455,1123,224,500,231,623,127,170,110,222,332,478,212,17,188,151,1268,.405,.448,.371,.747
Dennis Scott,ORL,.732,8.8,82,82,3041,491,1117,224,489,267,628,182,222,63,246,309,243,90,29,122,169,1431,.440,.458,.425,.820
Grant Long,ATL,.561,8.4,82,82,3008,395,838,364,752,31,86,257,337,248,540,788,183,108,34,157,233,1078,.471,.484,.360,.763
Arvydas Sabonis,POR,.537,8.4,73,21,1735,394,723,355,619,39,104,231,305,147,441,588,130,64,78,154,211,1058,.545,.574,.375,.757
Vinny Del Negro,SAS,.720,8.3,82,82,2766,478,962,421,812,57,150,178,214,36,236,272,315,85,6,100,166,1191,.497,.518,.380,.832
Steve Kerr,CHI,.878,8.3,82,0,1919,244,482,122,245,122,237,78,84,25,85,110,192,63,2,42,109,688,.506,.498,.515,.929
Glen Rice,CHH,.500,8.3,79,79,3142,610,1296,439,893,171,403,319,381,86,292,378,232,91,19,163,217,1710,.471,.492,.424,.837
Elden Campbell,LAL,.646,8.2,82,82,2699,447,888,447,883,0,5,249,349,162,461,623,181,88,212,137,300,1143,.503,.506,.000,.713
Kevin Johnson,PHO,.500,8.2,56,55,2007,342,674,321,617,21,57,342,398,42,179,221,517,82,13,170,144,1047,.507,.520,.368,.859
Detlef Schrempf,SEA,.780,8.2,63,60,2200,360,740,287,561,73,179,287,370,73,255,328,276,56,8,146,179,1080,.486,.512,.408,.776
Michael Cage,CLE,.573,8.1,82,80,2631,220,396,220,395,0,1,50,92,288,441,729,53,87,79,54,215,490,.556,.557,.000,.543
Horace Grant,ORL,.732,8.0,63,62,2286,347,677,346,671,1,6,152,207,178,402,580,170,62,74,64,144,847,.513,.516,.167,.734
Gheorghe Muresan,WSB,.476,8.0,76,76,2242,466,798,466,797,0,1,172,278,248,480,728,56,52,172,143,297,1104,.584,.585,.000,.619
Clifford Robinson,POR,.537,8.0,78,76,2980,553,1306,375,835,178,471,360,542,123,320,443,190,86,68,194,248,1644,.423,.449,.378,.664
Steve Smith,ATL,.561,7.9,80,80,2856,494,1143,354,720,140,423,318,385,124,202,326,224,68,17,151,207,1446,.432,.492,.331,.826
Chris Mills,CLE,.573,7.8,80,80,3060,454,971,375,761,79,210,218,263,112,331,443,188,73,52,121,241,1205,.468,.493,.376,.829
Kenny Anderson,TOT,,7.7,69,64,2344,349,834,257,578,92,256,260,338,63,140,203,575,111,14,146,178,1050,.418,.445,.359,.769
Sean Elliott,SAS,.720,7.7,77,77,2901,525,1127,364,735,161,392,326,423,69,327,396,211,69,33,198,178,1537,.466,.495,.411,.771
Dikembe Mutombo,DEN,.427,7.6,74,74,2713,284,569,284,568,0,1,246,354,249,622,871,108,38,332,150,258,814,.499,.500,.000,.695
Otis Thorpe,DET,.561,7.6,82,82,2841,452,853,452,849,0,4,257,362,211,477,688,158,53,39,195,300,1161,.530,.532,.000,.710
Nick Anderson,ORL,.732,7.4,77,77,2717,400,904,232,474,168,430,166,240,92,323,415,279,121,46,141,135,1134,.442,.489,.391,.692
Brent Price,WSB,.476,7.4,81,50,2042,252,534,113,233,139,301,167,191,38,190,228,416,78,4,153,184,810,.472,.485,.462,.874
Tim Hardaway,TOT,,7.3,80,46,2534,419,992,281,613,138,379,241,305,35,194,229,640,132,17,235,201,1217,.422,.458,.364,.790
Mark Jackson,IND,.634,7.2,81,81,2643,296,626,232,477,64,149,150,191,66,241,307,635,100,5,201,153,806,.473,.486,.430,.785
Allan Houston,DET,.561,7.1,82,75,3072,564,1244,373,797,191,447,298,362,54,246,300,250,61,16,233,233,1617,.453,.468,.427,.823
Bobby Phills,CLE,.573,7.1,72,69,2530,386,826,293,615,93,211,186,240,62,199,261,271,102,27,126,192,1051,.467,.476,.441,.775
Rod Strickland,POR,.537,7.1,67,63,2526,471,1023,433,912,38,111,276,423,89,208,297,640,97,16,255,135,1256,.460,.475,.342,.652
B.J. Armstrong,GSW,.439,7.0,82,64,2262,340,727,242,520,98,207,234,279,22,162,184,401,68,6,128,147,1012,.468,.465,.473,.839
Shaquille O'Neal,ORL,.732,6.9,54,52,1946,592,1033,591,1031,1,2,249,511,182,414,596,155,34,115,155,193,1434,.573,.573,.500,.487
Sam Perkins,SEA,.780,6.9,82,20,2169,325,797,196,434,129,363,191,241,101,266,367,120,83,48,82,174,970,.408,.452,.355,.793
Patrick Ewing,NYK,.573,6.8,76,76,2783,678,1456,674,1428,4,28,351,461,157,649,806,160,68,184,221,247,1711,.466,.472,.143,.761
Eddie Jones,LAL,.646,6.8,70,66,2184,337,685,254,458,83,227,136,184,45,188,233,246,129,45,99,162,893,.492,.555,.366,.739
Tim Legler,WSB,.476,6.8,77,0,1775,233,460,105,215,128,245,132,153,29,111,140,136,45,12,45,141,726,.507,.488,.522,.863
Joe Smith,GSW,.439,6.8,82,82,2821,469,1024,459,996,10,28,303,392,300,417,717,79,85,134,138,224,1251,.458,.461,.357,.773
Clyde Drexler,HOU,.585,6.7,52,51,1997,331,764,253,529,78,235,265,338,97,276,373,302,105,24,134,153,1005,.433,.478,.332,.784
Armen Gilliam,NJN,.366,6.7,78,76,2856,576,1216,576,1215,0,1,277,350,241,472,713,140,73,53,177,180,1429,.474,.474,.000,.791
Michael Finley,PHO,.500,6.3,82,72,3212,465,976,404,790,61,186,242,323,139,235,374,289,85,31,133,199,1233,.476,.511,.328,.749
Derek Harper,NYK,.573,6.3,82,82,2893,436,939,315,614,121,325,156,206,32,170,202,352,131,5,178,201,1149,.464,.513,.372,.757
Ron Harper,CHI,.878,6.3,80,80,1886,234,501,206,397,28,104,98,139,74,139,213,208,105,32,73,137,594,.467,.519,.269,.705
Loy Vaught,LAC,.354,6.3,80,78,2966,571,1087,564,1068,7,19,149,205,204,604,808,112,87,40,158,241,1298,.525,.528,.368,.727
David Wesley,BOS,.402,6.3,82,53,2104,338,736,222,464,116,272,217,288,68,196,264,390,100,11,159,207,1009,.459,.478,.426,.753
Vin Baker,MIL,.305,6.2,82,82,3319,699,1429,689,1381,10,48,321,479,263,545,808,212,68,91,216,272,1729,.489,.499,.208,.670
Dale Davis,IND,.634,6.2,78,77,2617,334,599,334,599,0,0,135,289,252,457,709,76,56,112,119,238,803,.558,.558,,.467
Dale Ellis,DEN,.427,6.2,81,52,2626,459,959,309,595,150,364,136,179,88,227,315,139,57,7,98,191,1204,.479,.519,.412,.760
Christian Laettner,TOT,,6.2,74,71,2495,442,907,433,868,9,39,324,396,184,354,538,197,71,71,187,276,1217,.487,.499,.231,.818
Dennis Rodman,CHI,.878,6.2,64,57,2088,146,304,143,277,3,27,56,106,356,596,952,160,36,27,138,196,351,.480,.516,.111,.528
Vlade Divac,LAL,.646,6.1,79,79,2470,414,807,411,789,3,18,189,295,198,481,679,261,76,131,199,274,1020,.513,.521,.167,.641
Antonio Davis,IND,.634,6.0,82,14,2092,236,482,235,480,1,2,246,345,188,313,501,43,33,66,87,248,719,.490,.490,.500,.713
Joe Dumars,DET,.561,6.0,67,40,2193,255,598,134,300,121,298,162,197,28,110,138,265,43,3,97,106,793,.426,.447,.406,.822
Chris Childs,NJN,.366,5.8,78,54,2408,324,778,229,519,95,259,259,304,51,194,245,548,111,8,230,246,1002,.416,.441,.367,.852
George McCloud,DAL,.317,5.8,79,63,2846,530,1281,273,603,257,678,180,224,116,263,379,212,113,38,166,212,1497,.414,.453,.379,.804
Clarence Weatherspoon,PHI,.220,5.8,78,75,3096,491,1015,491,1013,0,2,318,426,237,516,753,158,112,108,179,214,1300,.484,.485,.000,.746
Derrick McKey,IND,.634,5.7,75,75,2440,346,712,329,644,17,68,170,221,123,238,361,262,83,44,143,246,879,.486,.511,.250,.769
John Starks,NYK,.573,5.7,81,71,2491,375,846,232,450,143,396,131,174,31,206,237,315,103,11,156,226,1024,.443,.516,.361,.753
Nick Van Exel,LAL,.646,5.7,74,74,2513,396,950,252,547,144,403,163,204,29,152,181,509,70,10,156,115,1099,.417,.461,.357,.799
Stacey Augmon,ATL,.561,5.6,77,49,2294,362,738,361,734,1,4,251,317,137,167,304,137,106,31,138,188,976,.491,.492,.250,.792
Dana Barros,BOS,.402,5.6,80,25,2328,379,806,229,438,150,368,130,147,21,171,192,306,58,3,120,116,1038,.470,.523,.408,.884
Hubert Davis,NYK,.573,5.6,74,14,1773,275,566,148,299,127,267,112,129,35,88,123,103,31,8,63,120,789,.486,.495,.476,.868
Juwan Howard,WSB,.476,5.6,81,81,3294,733,1500,729,1487,4,13,319,426,188,472,660,360,67,39,303,269,1789,.489,.490,.308,.749
Charles Oakley,NYK,.573,5.6,53,51,1775,211,448,204,422,7,26,175,210,162,298,460,137,58,14,104,195,604,.471,.483,.269,.833
Mahmoud Abdul-Rauf,DEN,.427,5.5,57,53,2029,414,955,293,646,121,309,146,157,26,112,138,389,64,3,115,117,1095,.434,.454,.392,.930
Danny Ferry,CLE,.573,5.5,82,79,2680,422,919,279,556,143,363,103,134,71,238,309,191,57,37,122,233,1090,.459,.502,.394,.769
Dan Majerle,CLE,.573,5.5,82,15,2367,303,748,157,334,146,414,120,169,70,235,305,214,81,34,93,131,872,.405,.470,.353,.710
Chuck Person,SAS,.720,5.5,80,16,2131,308,705,118,242,190,463,67,104,76,337,413,100,49,26,91,197,873,.437,.488,.410,.644
Latrell Sprewell,GSW,.439,5.5,78,78,3064,515,1202,424,920,91,282,352,446,124,256,380,328,127,45,222,150,1473,.428,.461,.323,.789
Jim Jackson,DAL,.317,5.4,82,82,2820,569,1308,448,975,121,333,345,418,173,237,410,235,47,22,191,165,1604,.435,.459,.363,.825
P.J. Brown,NJN,.366,5.3,81,81,2942,354,798,351,783,3,15,204,265,215,345,560,165,79,100,133,249,915,.444,.448,.200,.770
Tom Gugliotta,MIN,.317,5.3,78,78,2835,473,1004,447,918,26,86,289,374,176,514,690,238,139,96,234,265,1261,.471,.487,.302,.773
Aaron McKie,POR,.537,5.3,81,73,2259,337,722,299,605,38,117,152,199,86,218,304,205,92,21,135,205,864,.467,.494,.325,.764
Olden Polynice,SAC,.476,5.3,81,80,2441,431,818,430,815,1,3,122,203,257,507,764,58,52,66,127,250,985,.527,.528,.333,.601
Bryant Stith,DEN,.427,5.2,82,77,2810,379,911,338,763,41,148,320,379,125,275,400,241,114,16,157,187,1119,.416,.443,.277,.844
Dell Curry,CHH,.500,5.1,82,29,2371,441,974,277,568,164,406,146,171,68,196,264,176,108,25,130,173,1192,.453,.488,.404,.854
Rick Fox,BOS,.402,5.1,81,81,2588,421,928,322,656,99,272,196,254,158,292,450,369,113,41,216,290,1137,.454,.491,.364,.772
Walt Williams,TOT,,5.1,73,73,2169,359,808,245,515,114,293,163,232,99,220,319,230,85,58,151,238,995,.444,.476,.389,.703
Bimbo Coles,TOT,,5.0,81,55,2615,318,777,230,523,88,254,168,211,49,211,260,422,94,17,171,253,892,.409,.440,.346,.796
Terry Dehere,LAC,.354,5.0,82,10,2018,315,686,176,370,139,316,247,327,41,102,143,350,54,16,191,239,1016,.459,.476,.440,.755
Rik Smits,IND,.634,5.0,63,63,1901,466,894,465,889,1,5,231,293,119,314,433,110,21,45,160,226,1164,.521,.523,.200,.788
Brent Barry,LAC,.354,4.9,79,44,1898,283,597,160,301,123,296,111,137,38,130,168,230,95,22,120,196,800,.474,.532,.416,.810
